3
0 4
0 6
0 11
0 18
0 25
0 45
1 25
1 36
1 42
1 45
2 6
2 26
2 30
2 31
2 40
3 17
3 26
3 49
4 16
4 26
4 31
4 34
4 49
5 19
5 38
5 43
6 14
6 20
6 29
7 16
7 20
7 30
7 47
8 11
8 15
8 18
8 35
8 47
9 12
9 13
9 18
9 23
9 27
10 21
10 23
10 33
10 40
10 46
11 40
11 45
11 49
12 16
12 26
12 29
12 35
12 36
12 37
12 47
13 19
13 21
13 27
14 20
14 36
15 32
15 37
15 44
16 19
16 21
16 49
17 19
17 20
17 42
18 24
18 26
18 38
18 43
18 45
19 30
19 36
19 44
19 49
20 36
20 42
20 44
20 45
21 22
22 24
22 45
23 37
23 41
23 47
24 34
24 37
24 38
24 40
25 34
25 36
25 45
25 48
25 49
26 35
27 30
27 38
27 47
28 33
29 37
29 45
29 49
30 35
32 38
32 39
34 37
35 46
36 38
36 40
37 38
38 39
38 41
39 48
41 45
41 47
43 45
43 49
45 47
